1 = 21,10
2 = 8,6
3 = 28,17
4 = 14,5
5 = 19,5
6 = 24,16
7 = 29,18
8 = 20,19
9 = 16,2
10 = 20,0
11 = 3,2
12 = 8,0
13 = 11,6
14 = 29,8
15 = 4,3
16 = 12,8
17 = 9,12
18 = 5,11
19 = 13,18
20 = 23,7
21 = 27,12
22 = 12,1
23 = 20,18
24 = 0,10
25 = 12,13
26 = 15,9
27 = 12,5
28 = 11,7
29 = 18,10
30 = 11,2
31 = 13,15
32 = 24,0
33 = 2,2
34 = 19,10
35 = 21,18
36 = 13,9
37 = 5,18
38 = 13,5
39 = 9,15
40 = 7,9
41 = 10,0
42 = 6,17
43 = 22,18
44 = 16,1
45 = 29,2
46 = 10,10
47 = 24,13
48 = 29,6
49 = 16,8
50 = 20,17
51 = 15,4
52 = 5,13
53 = 11,9
54 = 6,9
55 = 22,7
56 = 19,6
57 = 29,4
58 = 11,5
59 = 4,10
60 = 22,14
61 = 29,16
62 = 3,19
63 = 12,2
64 = 19,16
65 = 5,17
66 = 13,4
67 = 18,7
68 = 25,11
69 = 7,5
70 = 25,5
71 = 13,1
72 = 10,14
73 = 23,3
74 = 28,4
75 = 17,18
76 = 7,17
77 = 8,11
78 = 2,17
79 = 11,3
80 = 8,15
81 = 5,19
82 = 13,11
83 = 1,10
84 = 28,18
85 = 8,7
86 = 19,8
87 = 17,14
88 = 27,5
89 = 26,5
90 = 0,5
91 = 8,10
92 = 25,1
93 = 20,9
94 = 5,5
95 = 4,8
96 = 16,15
97 = 20,15
98 = 19,0
99 = 28,0
100 = 2,5
101 = 16,6
102 = 24,4
103 = 7,18
104 = 7,14
105 = 24,14
106 = 6,7
107 = 10,4
108 = 29,15
109 = 14,10
110 = 1,12
111 = 15,3
112 = 2,19
113 = 22,12
114 = 18,11
115 = 10,19
116 = 21,4
117 = 24,8
118 = 16,10
119 = 2,14
120 = 1,5
121 = 7,13
122 = 17,5
123 = 26,10
124 = 11,16
125 = 20,7
126 = 12,16
127 = 21,17
128 = 29,19
129 = 4,12
130 = 25,7
131 = 10,6
132 = 7,11
133 = 24,15
134 = 18,9
135 = 19,14
136 = 12,9
137 = 8,3
138 = 7,1
139 = 12,11
140 = 4,0
141 = 25,10
142 = 18,6
143 = 20,8
144 = 8,4
145 = 5,8
146 = 9,19
147 = 15,2
148 = 21,7
149 = 19,15
150 = 4,2
151 = 6,16
152 = 24,19
153 = 19,12
154 = 16,19
155 = 13,0
156 = 10,8
157 = 18,3
158 = 4,19
159 = 1,16
160 = 7,15
161 = 27,18
162 = 26,11
163 = 4,15
164 = 27,16
165 = 14,17
166 = 11,19
167 = 9,1
168 = 23,18
169 = 1,18
170 = 6,4
171 = 2,4
172 = 1,3
173 = 1,17
174 = 4,13
175 = 12,14
176 = 13,16
177 = 12,10
178 = 23,0
179 = 29,13
180 = 5,3
181 = 4,5
182 = 9,18
183 = 3,12
184 = 0,19
185 = 24,6
186 = 0,13
187 = 27,9
188 = 1,0
189 = 26,17
190 = 17,3
191 = 29,3
192 = 23,15
193 = 4,11
194 = 8,17
195 = 21,5
196 = 1,11
197 = 26,8
198 = 24,1
199 = 20,14
200 = 18,2
201 = 17,7
202 = 14,11
203 = 7,3
204 = 28,7
205 = 20,4
206 = 5,4
207 = 0,6
208 = 18,13
209 = 12,15
210 = 26,3
211 = 6,3
212 = 2,13
213 = 8,12
214 = 16,12
215 = 9,14
216 = 3,15
217 = 17,0
218 = 21,1
219 = 2,16
220 = 2,6
221 = 13,12
222 = 29,0
223 = 20,5
224 = 26,1
225 = 14,2
226 = 10,1
227 = 17,1
228 = 28,5
229 = 17,4
230 = 9,16
231 = 10,15
232 = 10,5
233 = 28,13
234 = 14,6
235 = 18,1
236 = 13,7
237 = 8,5
238 = 5,1
239 = 14,9
240 = 1,19
241 = 25,14
242 = 25,13
243 = 14,16
244 = 18,19
245 = 0,12
246 = 16,4
247 = 13,10
248 = 26,6
249 = 0,18
250 = 6,12
251 = 3,13
252 = 21,19
253 = 21,16
254 = 0,9
255 = 7,16
256 = 6,0
257 = 26,15
258 = 28,14
259 = 19,9
260 = 4,14
261 = 25,6
262 = 11,12
263 = 11,0
264 = 20,1
265 = 19,1
266 = 27,19
267 = 23,8
268 = 15,16
269 = 26,7
270 = 10,12
271 = 17,19
272 = 18,4
273 = 11,10
274 = 1,13
275 = 25,17
276 = 7,6
277 = 25,18
278 = 1,9
279 = 29,7
280 = 6,13
281 = 24,2
282 = 20,13
283 = 10,13
284 = 29,12
285 = 9,0
286 = 17,17
287 = 19,4
288 = 11,14
289 = 8,1
290 = 23,11
291 = 27,15
292 = 26,19
293 = 14,14
294 = 9,8
295 = 25,12
296 = 28,12
297 = 10,2
298 = 7,10
299 = 22,9
300 = 4,1
301 = 23,6
302 = 20,12
303 = 15,12
304 = 3,5
305 = 8,14
306 = 2,11
307 = 3,16
308 = 10,17
309 = 28,1
310 = 24,17
311 = 15,11
312 = 24,7
313 = 2,12
314 = 14,0
315 = 27,8
316 = 22,0
317 = 5,14
318 = 27,0
319 = 27,10
320 = 15,1
321 = 10,18
322 = 6,5
323 = 2,7
324 = 14,4
325 = 0,8
326 = 15,17
327 = 0,16
328 = 1,7
329 = 9,17
330 = 21,0
331 = 6,11
332 = 2,1
333 = 3,11
334 = 21,8
335 = 26,12
336 = 2,8
337 = 17,2
338 = 5,0
339 = 25,2
340 = 22,3
341 = 3,4
342 = 11,17
343 = 4,6
344 = 4,9
345 = 28,10
346 = 16,7
347 = 17,9
348 = 15,7
349 = 14,18
350 = 12,17
351 = 23,10
352 = 26,13
353 = 8,16
354 = 20,6
355 = 12,7
356 = 0,14
357 = 16,13
358 = 0,11
359 = 23,13
360 = 12,12
361 = 23,12
362 = 14,3
363 = 25,9
364 = 7,0
365 = 16,14
366 = 4,18
367 = 7,19
368 = 6,15
369 = 18,18
370 = 18,17
371 = 21,11
372 = 18,12
373 = 27,7
374 = 3,18
375 = 9,11
376 = 23,16
377 = 13,6
378 = 19,3
379 = 22,19
380 = 23,1
381 = 9,6
382 = 15,0
383 = 12,6
384 = 21,15
385 = 18,8
386 = 0,1
387 = 17,8
388 = 19,17
389 = 27,4
390 = 2,0
391 = 12,18
392 = 23,17
393 = 15,19
394 = 13,17
395 = 21,13
396 = 7,7
397 = 20,16
398 = 17,13
399 = 6,1
400 = 13,2
401 = 4,7
402 = 5,16
403 = 14,19
404 = 5,7
405 = 17,11
406 = 1,6
407 = 28,2
408 = 26,2
409 = 22,15
410 = 6,18
411 = 12,4
412 = 13,14
413 = 26,0
414 = 14,12
415 = 23,5
416 = 26,4
417 = 23,4
418 = 3,14
419 = 29,11
420 = 6,8
421 = 3,0
422 = 0,4
423 = 6,10
424 = 14,13
425 = 5,10
426 = 15,5
427 = 22,16
428 = 5,12
429 = 21,9
430 = 27,6
431 = 24,12
432 = 11,4
433 = 11,1
434 = 28,8
435 = 22,4
436 = 18,15
437 = 16,0
438 = 25,19
439 = 16,3
440 = 17,15
441 = 9,2
442 = 20,10
443 = 21,14
444 = 22,13
445 = 10,7
446 = 7,4
447 = 12,0
448 = 18,14
449 = 24,3
450 = 24,18
451 = 18,5
452 = 7,2
453 = 29,1
454 = 2,15
455 = 11,15
456 = 23,14
457 = 9,4
458 = 13,19
459 = 8,2
460 = 1,14
461 = 5,6
462 = 20,2
463 = 14,1
464 = 1,1
465 = 0,2
466 = 22,6
467 = 3,10
468 = 3,8
469 = 19,2
470 = 1,8
471 = 23,2
472 = 9,7
473 = 6,6
474 = 16,17
475 = 16,9
476 = 26,18
477 = 7,12
478 = 22,10
479 = 11,18
480 = 19,18
481 = 10,16
482 = 22,17
483 = 27,14
484 = 28,11
485 = 10,3
486 = 19,19
487 = 8,19
488 = 26,14
489 = 1,4
490 = 9,13
491 = 10,9
492 = 28,19
493 = 3,1
494 = 22,8
495 = 15,10
496 = 9,3
497 = 11,8
498 = 25,16
499 = 27,11
500 = 6,2
501 = 2,3
502 = 29,9
503 = 29,14
504 = 5,2
505 = 2,9
506 = 15,15
507 = 0,3
508 = 22,1
509 = 11,13
510 = 16,11
511 = 24,10
512 = 19,7
513 = 27,17
514 = 25,8
515 = 22,2
516 = 6,19
517 = 4,4
518 = 5,15
519 = 28,3
520 = 24,5
521 = 17,6
522 = 8,13
523 = 0,7
524 = 28,16
525 = 4,16
526 = 28,15
527 = 9,5
528 = 28,6
529 = 22,5
530 = 9,10
531 = 20,3
532 = 3,6
533 = 28,9
534 = 10,11
535 = 19,11
536 = 11,11
537 = 2,10
538 = 14,7
539 = 25,0
540 = 0,17
541 = 20,11
542 = 27,1
543 = 21,12
544 = 13,8
545 = 15,18
546 = 12,19
547 = 2,18
548 = 17,16
549 = 29,17
550 = 12,3
551 = 13,3
552 = 27,13
